1 2
1 3
1 4
1 5
1 6
2 3
2 4
2 5
2 6
2 1
3 4
3 5
3 6
3 1
3 2
4 5
4 6
4 1
4 2
4 3
5 6
5 1
5 2
5 3
5 4
6 1
6 2
6 3
6 4
6 5
7 8
7 9
7 10
7 11
7 12
8 9
8 10
8 11
8 12
8 7
9 10
9 11
9 12
9 7
9 8
10 11
10 12
10 7
10 8
10 9
11 12
11 7
11 8
11 9
11 10
12 7
12 8
12 9
12 10
12 11
13 14
13 15
13 16
14 15
14 16
14 13
15 16
15 13
15 14
16 13
16 14
16 15
17 18
18 17
19 20
19 21
19 22
19 23
20 21
20 22
20 23
20 19
21 22
21 23
21 19
21 20
22 23
22 19
22 20
22 21
23 19
23 20
23 21
23 22
24 25
25 24
26 27
26 28
26 29
27 28
27 29
27 26
28 29
28 26
28 27
29 26
29 27
29 28
30 31
30 32
30 33
31 32
31 33
31 30
32 33
32 30
32 31
33 30
33 31
33 32
1 13
1 7
1 17
1 19
1 24
1 26
1 30
13 7
13 17
13 19
13 24
13 26
13 30
13 1
7 17
7 19
7 24
7 26
7 30
7 1
7 13
17 19
17 24
17 26
17 30
17 1
17 13
17 7
19 24
19 26
19 30
19 1
19 13
19 7
19 17
24 26
24 30
24 1
24 13
24 7
24 17
24 19
26 30
26 1
26 13
26 7
26 17
26 19
26 24
30 1
30 13
30 7
30 17
30 19
30 24
30 26
1 13
1 7
1 17
1 19
1 24
1 26
1 30
34 35
34 36
35 36
35 34
36 34
36 35
37 38
37 39
37 40
37 41
38 39
38 40
38 41
38 37
39 40
39 41
39 37
39 38
40 41
40 37
40 38
40 39
41 37
41 38
41 39
41 40
37 38
37 39
37 40
37 41
42 43
42 44
42 45
42 46
42 47
43 44
43 45
43 46
43 47
43 42
44 45
44 46
44 47
44 42
44 43
45 46
45 47
45 42
45 43
45 44
46 47
46 42
46 43
46 44
46 45
47 42
47 43
47 44
47 45
47 46
48 49
48 50
48 51
49 50
49 51
49 48
50 51
50 48
50 49
51 48
51 49
51 50
30 31
30 52
30 53
31 52
31 53
31 30
52 53
52 30
52 31
53 30
53 31
53 52
54 55
54 56
54 57
55 56
55 57
55 54
56 57
56 54
56 55
57 54
57 55
57 56
13 14
13 58
14 58
14 13
58 13
58 14
59 56
59 55
59 60
59 54
56 55
56 60
56 54
56 59
55 60
55 54
55 59
55 56
60 54
60 59
60 56
60 55
54 59
54 56
54 55
54 60
61 18
61 62
61 63
61 64
61 65
18 62
18 63
18 64
18 65
18 61
62 63
62 64
62 65
62 61
62 39
63 64
63 65
63 61
63 18
63 62
64 65
64 61
64 18
64 62
64 63
65 61
65 39
65 62
65 63
65 64
57 67
57 68
57 82
67 68
67 82
67 57
68 82
68 57
68 67
82 57
82 67
82 68
8 7
8 69
8 11
8 71
7 69
7 11
7 71
7 8
69 11
69 71
69 8
69 7
11 71
11 8
11 7
11 69
71 8
71 7
71 69
71 11
40 72
40 52
40 74
40 41
72 52
72 74
72 41
72 40
52 74
52 41
52 40
52 72
74 41
74 40
74 72
74 52
41 40
41 72
41 52
41 74
40 72
40 52
40 74
40 41
75 76
75 20
75 21
75 77
75 78
76 20
76 21
76 77
76 78
76 75
20 21
20 77
20 78
20 75
20 76
21 77
21 78
21 75
21 76
21 20
77 78
77 75
77 76
77 20
77 21
78 75
78 76
78 20
78 21
78 77
30 79
30 80
30 81
30 31
79 80
79 81
79 31
79 30
80 81
80 31
80 30
80 79
81 31
81 30
81 79
81 80
31 30
31 79
31 80
31 81
34 37
34 42
34 48
34 30
34 54
37 42
37 48
37 30
37 54
37 34
42 48
42 30
42 54
42 34
42 37
48 30
48 54
48 34
48 37
48 42
30 54
30 34
30 37
30 42
30 48
54 34
54 37
54 42
54 48
54 30
13 59
13 61
13 57
13 8
13 40
13 75
13 30
59 61
59 57
59 8
59 40
59 75
59 30
59 13
61 57
61 8
61 40
61 75
61 30
61 13
61 59
57 8
57 40
57 75
57 30
57 13
57 59
57 61
8 40
8 75
8 30
8 13
8 59
8 61
8 57
40 75
40 30
40 13
40 59
40 61
40 57
40 8
75 30
75 13
75 59
75 61
75 57
75 8
75 40
30 13
30 59
30 61
30 57
30 8
30 40
30 75

